T_max: 88
batch_size: 16
eta_min: 6.2631475968196166e-09
gradient_clip_val: 0.8610360884285442
input_dim: 1280
learning_rate: 1.1596396728105288e-05
max_epochs: 97
